label	trackname	mean	sd	n
11	ENCFF139QKY	1.0693250851131578935	0.32194165789390986738	171518455
11	ENCFF316SZE	0.010827363186823774948	0.023088467295760356735	171527238
11	ENCFF607RKM	1.2467887253643373899	0.26827060011881318652	171518433
11	ENCFF469CYE	0.4953399951651767772	0.2966996420634795168	171525530
11	ENCFF263CSV	0.8002833917603935636	0.429481744479993013	171518409
11	ENCFF414CCH	0.93476111110807154564	0.27538858270817297472	171518405
11	ENCFF144JOJ	0.84553564720775310483	0.2935110469725271778	171518433
11	ENCFF035TJC	0.67342488337565883883	0.30856548159035770352	171517130
10	ENCFF139QKY	0.8566178347068473984	0.28865799400502235479	310357698
10	ENCFF316SZE	0.021288186706587911169	0.027114200610495229763	310368161
10	ENCFF607RKM	0.69744827723125879656	0.24947870993136531481	310357624
10	ENCFF469CYE	0.57614120131115112124	0.2990219979073062978	310365149
10	ENCFF263CSV	0.8411263575354683245	0.40556523049007712128	310357229
10	ENCFF414CCH	0.72989291134004593415	0.25704127855236849815	310357606
10	ENCFF144JOJ	0.7161830111357319089	0.27554944965671179728	310357674
10	ENCFF035TJC	0.5956498388471769253	0.29807102709722819165	310356713
13	ENCFF139QKY	0.33585544282660431057	0.2689926203144364587	16499809
13	ENCFF316SZE	0.6923139072943298409	0.45687920501601703884	16500300
13	ENCFF607RKM	0.3895395030337851997	0.25857257437396613477	16499551
13	ENCFF469CYE	1.8930935525303082845	0.7514671635926610332	16500300
13	ENCFF263CSV	0.89927092167004173725	0.61280982327055800297	16499945
13	ENCFF414CCH	0.8973385624637952531	0.40917243242188815203	16499943
13	ENCFF144JOJ	1.3441178170465971203	0.7496073614054244074	16499957
13	ENCFF035TJC	1.557526473490626284	1.0665012406635564286	16500300
12	ENCFF139QKY	0.45223088783761520592	0.28754563010496560183	111703892
12	ENCFF316SZE	0.13180160229201054816	0.1040575094651859467	111705406
12	ENCFF607RKM	0.51494773342788327866	0.27287479765936756884	111704025
12	ENCFF469CYE	1.1548732567234853706	0.51876735369935083795	111705161
12	ENCFF263CSV	0.6577792204175837321	0.3922370352469774081	111703801
12	ENCFF414CCH	0.8029443616173825808	0.30884075842843592262	111703952
12	ENCFF144JOJ	0.75185311553930190713	0.32869194866155905773	111703929
12	ENCFF035TJC	0.98803299226001743667	0.6093588162795427226	111702901
14	ENCFF139QKY	0.53275806729171910897	0.26387632458033979328	422736792
14	ENCFF316SZE	0.045152388698409923864	0.03941538616736988751	422736792
14	ENCFF607RKM	0.53620337633905263775	0.2293671215227342714	422736658
14	ENCFF469CYE	0.6018391978841469574	0.3026291401784417651	422735920
14	ENCFF263CSV	0.6434248310214056122	0.3836640301103052191	422736792
14	ENCFF414CCH	0.6321899726388448412	0.2514180702728316805	422736792
14	ENCFF144JOJ	0.6165609275631793618	0.2682823367410839661	422736792
14	ENCFF035TJC	0.6326235309087947517	0.3040716257578306251	422736495
1	ENCFF139QKY	0.37919055315499109368	0.26323057208118929827	216254755
1	ENCFF316SZE	0.0208369562429007165	0.02833176922598023823	216302085
1	ENCFF607RKM	0.37033708948877874036	0.23398005496003922003	216255692
1	ENCFF469CYE	0.21461966929739287696	0.2277563347620385382	216251305
1	ENCFF263CSV	0.38873900084616694442	0.35767178236236506187	216250818
1	ENCFF414CCH	0.36854190949671544554	0.23038767229841048141	216256484
1	ENCFF144JOJ	0.35381022623602339716	0.24191696125862255221	216253862
1	ENCFF035TJC	0.33578161045041513867	0.2770277940945791338	216234301
0	ENCFF139QKY	1.2228025755742222589	0.29182535554872955202	222633581
0	ENCFF316SZE	0.0069930309185781117393	0.015441061771121491665	222664753
0	ENCFF607RKM	0.96785242629180169376	0.26280014097450150512	222633570
0	ENCFF469CYE	0.41673507328476218183	0.26845783225516191476	222656669
0	ENCFF263CSV	0.82826212827742854165	0.42696589737021563616	222633564
0	ENCFF414CCH	0.84298911883475950116	0.26644160476646852425	222633559
0	ENCFF144JOJ	0.7701646847690050086	0.28669119183378698868	222633587
0	ENCFF035TJC	0.5899477420877652501	0.29510714675416299492	222633104
3	ENCFF139QKY	0.7812934741851659696	0.32016061328204792205	140109616
3	ENCFF316SZE	0.045046924150622686234	0.057568401879391715967	140113164
3	ENCFF607RKM	0.8249668815258897432	0.28541708968415117223	140109616
3	ENCFF469CYE	0.7877702365572235193	0.41815601829959722443	140112704
3	ENCFF263CSV	0.79412753114633332193	0.41511816558109800206	140109616
3	ENCFF414CCH	1.0582730628546340157	0.2903958703772421183	140109609
3	ENCFF144JOJ	1.0142639367749573147	0.3475174960450917672	140109616
3	ENCFF035TJC	0.7610231475983990876	0.34435286908187125253	140109447
2	ENCFF139QKY	0.33672864497442128715	0.23215092010944050144	324728138
2	ENCFF316SZE	0.0771070757191011641	0.051805791175396557373	324733546
2	ENCFF607RKM	0.38304100727755507932	0.22139973862932944668	324728259
2	ENCFF469CYE	0.7109149574934754088	0.3297002932684547877	324731819
2	ENCFF263CSV	0.52163307031868485125	0.36068005795370624883	324724949
2	ENCFF414CCH	0.47071819939728774053	0.23321551105135921506	324729162
2	ENCFF144JOJ	0.47844723964119342552	0.25044252222691139637	324729648
2	ENCFF035TJC	0.57005944594818393635	0.30935395359204082905	324706980
5	ENCFF139QKY	0.71325572031596561534	0.29182488171219720505	287455238
5	ENCFF316SZE	0.0193605601455535895	0.026459517996167130609	287468063
5	ENCFF607RKM	0.6154010833012944904	0.24763256071407878827	287455055
5	ENCFF469CYE	0.316084215545135727	0.24919106233206340774	287457210
5	ENCFF263CSV	0.5704281999956298071	0.388466258010489823	287454611
5	ENCFF414CCH	0.5640695967844474192	0.24530333029353122084	287454810
5	ENCFF144JOJ	0.52714902562442172724	0.25967413232281649307	287455149
5	ENCFF035TJC	0.4798970798170111158	0.28721699101327587144	287451105
4	ENCFF139QKY	0.9324725108299071819	0.2958972769003624197	283905322
4	ENCFF316SZE	0.0115543006527584342455	0.021068480269687155618	283906871
4	ENCFF607RKM	0.9100713189749865047	0.26177200836810476527	283905395
4	ENCFF469CYE	0.4027601691482700966	0.26418808556272892332	283904805
4	ENCFF263CSV	0.5891592339925099345	0.39805925763924798424	283905272
4	ENCFF414CCH	0.757332429810866536	0.26224519282229134828	283905218
4	ENCFF144JOJ	0.65064100746284247214	0.2767908055283619089	283905165
4	ENCFF035TJC	0.5753551506656266738	0.29524843215865746057	283904816
7	ENCFF139QKY	0.38566806301218014874	0.28230078964136715304	43789743
7	ENCFF316SZE	0.31294651198016363485	0.2106134617555785442	43790100
7	ENCFF607RKM	0.4773691835089908732	0.28570893355459822105	43789647
7	ENCFF469CYE	1.1662727662579902466	0.6516876900633032607	43790100
7	ENCFF263CSV	0.8515113474123394356	0.5524812818035050336	43789721
7	ENCFF414CCH	1.0531294740031701429	0.3908442798247373309	43789681
7	ENCFF144JOJ	1.424587748540472466	0.59235859321301885213	43789732
7	ENCFF035TJC	0.93483602950420982417	0.4974227857926379739	43789653
6	ENCFF139QKY	0.020678030830031961042	0.08309518121011859533	295309627
6	ENCFF316SZE	0.0009945194909807430596	0.006822998228087967116	297058533
6	ENCFF607RKM	0.018894880110432271869	0.072881283617290908554	295319819
6	ENCFF469CYE	0.048274714627062229363	0.16588562138548467545	295189988
6	ENCFF263CSV	0.019667303727795419927	0.099780872445062486866	295410998
6	ENCFF414CCH	0.018182720021743419393	0.071682354795247910946	295508042
6	ENCFF144JOJ	0.017782127884882497418	0.07244170603290806729	295517770
6	ENCFF035TJC	0.013494269268624954051	0.07074378154074311354	294942138
9	ENCFF139QKY	0.5720371306278877371	0.27530511369834056106	243908060
9	ENCFF316SZE	0.0384718346252116906	0.042446207495177386913	243908060
9	ENCFF607RKM	0.91158157107796191786	0.2694609986831349552	243908060
9	ENCFF469CYE	0.5951874089511352717	0.3080283991894926745	243907500
9	ENCFF263CSV	0.6458458971032420113	0.3935206907028889959	243908060
9	ENCFF414CCH	0.6777575043945136594	0.25708342715233921594	243908060
9	ENCFF144JOJ	0.6647027277730121758	0.27441262358132756917	243908060
9	ENCFF035TJC	0.647002489949945031	0.3035624625360247901	243907233
8	ENCFF139QKY	0.23020766998707993332	0.21289829331343047303	7122900
8	ENCFF316SZE	1.5689509987781535142	0.78602696653962037665	7122900
8	ENCFF607RKM	0.27882373780174627431	0.20566861287271478171	7122900
8	ENCFF469CYE	2.384518167358016534	0.7321243000780467686	7122900
8	ENCFF263CSV	1.2453351218408737047	0.6872485036147864558	7122900
8	ENCFF414CCH	0.6409906891176672442	0.4274733586169150422	7122900
8	ENCFF144JOJ	1.9918021969591752112	0.8243200014300816429	7122900
8	ENCFF035TJC	1.27263500003457397	0.8743124082517724472	7122900
